Filetype: IR signals file
Version: 1
# 
name: Power
type: raw
frequency: 38000
duty_cycle: 0.330000
data: 3774 1445 586 1192 562 1191 563 471 561 471 561 472 561 1192 562 470 562 473 563 1175 579 1192 562 453 580 1172 582 471 561 471 562 1193 562 1172 585 471 561 1193 561 1192 562 471 561 471 562 1192 562 471 561 473 563 1192 562 471 561 471 561 471 561 452 581 471 561 471 561 474 562 472 560 471 561 471 562 471 561 471 561 471 561 472 561 474 562 471 561 472 561 1193 561 471 561 471 562 1192 562 471 561 454 582 1175 579 1192 562 471 561 472 560 471 561 471 561 471 562 474 562 472 561 1174 580 471 561 1193 561 471 561 472 560 472 560 474 562 472 561 1193 561 472 560 1193 561 471 561 472 560 472 560 474 562 472 560 472 561 472 560 472 560 472 560 472 560 473 560 474 561 472 560 473 559 472 560 472 560 472 560 472 560 472 560 474 562 1193 561 471 561 472 560 472 561 472 560 472 560 472 560 475 560 472 561 472 561 1194 560 471 561 472 560 472 560 472 561 457 579 1194 560 472 561 1193 561 453 580 1194 560 472 561 1177 577 473 587
# 
name: Power_off
type: raw
frequency: 38000
duty_cycle: 0.330000
data: 3774 1448 582 1173 581 1173 581 471 561 472 560 473 560 1193 561 471 561 474 562 1193 562 1193 561 471 561 1194 560 472 560 472 561 1177 578 1173 584 472 560 1194 561 1193 561 471 561 473 560 1174 580 471 561 475 561 1173 581 454 578 472 560 472 560 472 560 472 560 472 560 474 562 472 560 472 561 472 560 472 561 472 560 472 560 472 560 474 561 472 561 472 560 472 560 455 577 472 561 1194 560 471 561 474 562 1175 580 1193 561 471 561 472 560 472 560 472 560 472 560 474 562 473 560 1175 579 472 560 1193 561 452 580 472 560 472 560 456 580 1194 561 1174 580 472 560 1193 561 472 560 472 560 455 577 453 583 473 559 472 560 472 560 472 560 473 560 472 560 472 560 455 558 495 560 472 560 472 561 472 560 473 559 473 559 473 560 475 561 1194 560 472 560 472 560 472 560 472 560 472 560 473 559 475 538 495 560 473 560 1175 579 472 560 454 578 473 560 472 560 475 561 473 560 1193 561 453 579 472 561 1194 560 472 560 1194 560 453 584
 
name: Mode
type: raw
frequency: 38000
duty_cycle: 0.330000
data: 3774 1468 561 1193 561 1194 560 453 557 494 538 495 538 1216 560 472 538 478 558 1217 560 1193 561 473 537 1216 560 472 538 495 538 1216 560 1179 578 473 537 1217 559 1174 579 473 537 495 538 1216 560 454 556 497 539 1216 560 473 537 495 538 495 537 478 555 495 537 495 538 497 539 495 537 495 537 495 537 477 555 495 537 494 538 495 537 497 539 494 538 495 538 1216 559 473 538 495 538 1197 557 495 537 497 539 496 537 1199 555 495 537 495 537 495 537 494 538 495 537 478 558 1199 555 1216 538 1215 538 495 537 495 537 494 538 495 537 479 557 495 538 1198 556 495 538 1216 538 495 537 495 537 495 537 497 539 495 538 495 537 495 537 495 537 495 537 495 537 495 537 480 556 495 537 495 537 495 537 495 537 495 537 495 537 478 554 497 539 1197 557 494 538 495 537 495 537 495 537 495 537 495 537 497 539 495 537 495 537 495 538 1216 538 495 537 495 537 495 537 498 538 1216 538 494 539 1198 556 477 556 1216 538 495 538 1216 538 496 565
# 
name: Up
type: raw
frequency: 38000
duty_cycle: 0.330000
data: 3775 1449 582 1193 561 1193 560 471 561 472 560 473 560 1193 561 471 561 474 562 1193 562 1193 560 453 580 1193 561 471 561 472 561 1174 581 1174 583 471 562 1175 579 1192 561 471 561 472 561 1193 561 471 561 474 562 1192 562 471 561 471 561 471 561 472 561 472 560 471 561 474 562 472 561 471 561 471 561 472 561 472 560 471 561 472 560 454 582 472 560 472 561 1193 561 452 580 472 561 1193 561 451 581 453 583 1174 581 1175 579 471 561 471 561 472 560 471 561 471 561 474 562 1175 579 471 561 472 561 1172 582 471 561 471 561 472 560 454 582 472 561 1192 562 471 561 1175 579 471 561 471 561 472 561 474 561 472 561 472 560 472 560 472 561 472 560 472 560 472 561 474 562 472 561 471 561 472 560 471 561 472 560 472 560 471 561 474 562 1193 561 453 579 471 561 472 561 472 560 472 560 471 561 474 562 472 560 472 561 1192 562 471 561 1175 579 471 561 472 560 474 562 472 560 472 561 1193 561 471 561 472 561 1193 561 1192 561 473 587
# 
name: Down
type: raw
frequency: 38000
duty_cycle: 0.330000
data: 3774 1446 584 1176 578 1193 561 471 538 495 537 477 556 1199 577 472 538 476 560 1216 561 1193 560 473 537 1216 561 472 560 473 538 1216 561 1175 582 473 559 1194 561 1193 561 472 560 473 538 1216 561 471 561 475 539 1216 561 454 578 472 560 473 537 495 537 495 537 494 538 497 539 495 537 495 537 495 537 495 537 495 537 495 537 495 537 497 539 495 538 495 538 1199 577 472 537 495 538 1216 560 472 538 497 539 1217 560 1174 579 472 538 495 537 495 537 494 538 494 538 497 539 496 537 1216 560 473 537 1199 577 472 538 495 537 494 538 497 539 496 537 1216 560 455 556 1216 560 472 538 495 537 495 538 497 539 495 537 495 537 495 537 495 537 495 538 495 537 478 554 478 558 495 537 495 537 495 537 495 537 495 537 495 538 495 537 479 557 1216 559 473 538 495 537 495 537 495 537 495 537 495 537 497 539 495 537 495 537 477 555 495 538 1216 560 454 556 495 537 497 539 1199 555 494 538 494 538 495 537 496 537 1216 538 1216 560 474 565
# 
name: Fan_speed
type: raw
frequency: 38000
duty_cycle: 0.330000
data: 3773 1445 562 1216 538 1216 538 494 538 495 537 476 557 1197 557 475 557 479 557 1216 538 1216 538 495 538 1200 554 494 538 495 538 1216 538 1199 558 495 538 1216 538 1216 538 495 537 495 538 1196 558 494 538 497 539 1198 556 476 556 494 538 495 537 495 537 495 537 495 537 497 539 496 536 477 556 494 538 478 555 495 537 495 537 495 537 497 539 495 537 495 538 1216 538 478 554 495 538 1198 556 477 555 497 539 1216 538 1216 538 494 538 495 537 495 537 495 537 495 537 479 557 495 538 1198 556 495 538 1216 538 475 557 495 537 495 537 497 539 1216 538 1216 537 477 556 1216 538 477 555 495 537 495 537 497 539 495 537 494 538 495 537 494 538 494 538 495 537 495 537 497 539 495 538 495 537 495 537 494 538 495 537 495 537 495 537 497 539 1216 538 495 537 495 537 494 538 495 537 494 538 495 538 476 560 495 537 495 538 1198 556 1197 557 495 537 476 556 494 538 479 557 495 538 1216 538 1216 538 1216 538 1216 538 477 556 1215 539 496 565
